Factor Analysis Results
--------------------------------------------------

Eigenvalue Analysis:
              Eigenvalue  Explained Variance (%)  Cumulative Variance (%)
Component 1     6.374817               53.123477                53.123477
Component 2     5.026892               41.890767                95.014243
Component 3     0.448598                3.738316                98.752559
Component 4     0.080242                0.668680                99.421239
Component 5     0.055874                0.465619                99.886859
Component 6     0.005843                0.048689                99.935548
Component 7     0.002587                0.021556                99.957104
Component 8     0.002032                0.016933                99.974037
Component 9     0.001733                0.014440                99.988477
Component 10    0.000524                0.004366                99.992843
Component 11    0.000451                0.003762                99.996605
Component 12    0.000407                0.003395               100.000000

Eigenvector Verification:
Orthogonality check (should be identity matrix):
              0             1             2             3             4             5             6             7             8             9             10            11
0   1.000000e+00 -8.838957e-16 -1.196028e-16 -1.168382e-16 -2.950271e-17  7.528891e-17 -1.097653e-17  1.082110e-17  7.444305e-17 -2.260877e-17 -1.198895e-16 -1.012318e-17
1  -8.838957e-16  1.000000e+00  1.859411e-16  2.709491e-17  7.938322e-17  2.836458e-18 -1.560489e-16  4.224166e-17  2.294138e-17 -9.429770e-17  6.990519e-17 -3.781124e-18
2  -1.196028e-16  1.859411e-16  1.000000e+00  1.197450e-16 -5.754252e-17  1.163627e-17 -1.386204e-16 -5.921531e-17  2.107234e-17 -1.038854e-17  6.232737e-17  1.656746e-17
3  -1.168382e-16  2.709491e-17  1.197450e-16  1.000000e+00 -2.275626e-16 -3.549088e-17 -1.322146e-16 -1.441591e-16  7.868337e-17 -3.921025e-17  7.692304e-17 -7.337373e-17
4  -2.950271e-17  7.938322e-17 -5.754252e-17 -2.275626e-16  1.000000e+00  1.037272e-16  3.500456e-17  5.099800e-17 -2.654631e-17 -4.683298e-18 -2.078134e-17 -2.264788e-17
5   7.528891e-17  2.836458e-18  1.163627e-17 -3.549088e-17  1.037272e-16  1.000000e+00 -3.556791e-16  2.492697e-16  4.074593e-17  8.135892e-17 -8.358187e-18 -4.482643e-17
6  -1.097653e-17 -1.560489e-16 -1.386204e-16 -1.322146e-16  3.500456e-17 -3.556791e-16  1.000000e+00  8.827532e-17  8.439434e-17  2.703669e-16 -2.958001e-17 -2.696261e-16
7   1.082110e-17  4.224166e-17 -5.921531e-17 -1.441591e-16  5.099800e-17  2.492697e-16  8.827532e-17  1.000000e+00  1.632088e-17  5.418856e-17  8.507175e-17 -6.123137e-17
8   7.444305e-17  2.294138e-17  2.107234e-17  7.868337e-17 -2.654631e-17  4.074593e-17  8.439434e-17  1.632088e-17  1.000000e+00 -1.084774e-16 -4.090884e-17 -4.300377e-17
9  -2.260877e-17 -9.429770e-17 -1.038854e-17 -3.921025e-17 -4.683298e-18  8.135892e-17  2.703669e-16  5.418856e-17 -1.084774e-16  1.000000e+00  1.670206e-16 -3.388944e-16
10 -1.198895e-16  6.990519e-17  6.232737e-17  7.692304e-17 -2.078134e-17 -8.358187e-18 -2.958001e-17  8.507175e-17 -4.090884e-17  1.670206e-16  1.000000e+00  4.052491e-16
11 -1.012318e-17 -3.781124e-18  1.656746e-17 -7.337373e-17 -2.264788e-17 -4.482643e-17 -2.696261e-16 -6.123137e-17 -4.300377e-17 -3.388944e-16  4.052491e-16  1.000000e+00

Principal Component Properties:
PC sums (should be close to 0):
[ 6.50203447e-10 -1.87230853e-09  9.74864633e-10  1.51189283e-09
  5.97367489e-10  6.80904222e-10 -1.28224542e-10  4.21877644e-10
 -1.46836499e-09  9.08890740e-11 -5.48929791e-11  1.57953650e-10]
PC variances (should equal eigenvalues):
[5.28430838e+05 5.25685512e+05 1.56477346e+05 1.94620453e+05
 1.14742555e+05 8.18405583e+03 1.50915659e+03 1.97933214e+03
 8.24967256e+03 1.49484125e+02 7.46618679e+02 4.39770351e+03]

Conclusions:
Number of components explaining 97% of variance: 2
First component explains 53.12% of variance
